$ANSIBLE_VAULT;1.1;AES256
62376264323531326166646266323365363037343665346432313963313039353764633230316431
3231313836653339306166323039616261616561663036610a313034353263376233376634313635
64653337393539353034616532323332343538363730653435316366333263333032633963343962
3639323639353636300a346136636563656235373338366139663139346339356231376665363361
34663438366239393235633364333230306235323965373233306432363462643261366539626632
66643130323730326361616561656437373566333264636231316664303735336362326631336137
61646637623137626362666430396165396162343139663831393430383162313135376532393765
64323833396163646666313430343438643430383766326335393264636166303734356464346662
64653661346165656233336236653436373032316162666638666330316566323662343764653430
37616135366137633565313861663832396161313361326365646235653335656663353036303938
61333030363130366666393337663535663238376264306438313666326564323564336434626239
65626132653130313730636233373061306566616461376534313534363630373861393438376234
30616661616661373164376261613232336331383338616230303938303434306434643061636330
37643764653532363463613164303331396634386133323332626136363736666263663465316639
35353935336362326361633936383634666432663465386232393463353061633633343038333562
32623664633631326639633239646538316638393732323330313535626536306138646438643662
37636531336630376638316532343266393362316661613064613966316335653035336665306166
38323661313338373334373630346434623664663232373731623365613239333233363363643039
66363239326562623032616430393933646130356230386561346136623035646231636531303864
35343638353838633765353136373238396663643935663964623235363462346239353164343736
65323035353861623565633536383862366465623137653635386435623962316435663266396430
3664383162353630623461346165623839623536363138653634
