$ANSIBLE_VAULT;1.1;AES256
32346565393763643235656537386364306230623830323739313661663938353735313465383133
3662643262353436343265613565346336373866386631610a303037353165363732376463313033
63653939313138313962346666636434336664316231666333343065326435643966653066383939
3531656536396534380a313537663133343163326230653466666462323839353266613239313130
64616564303136316138323766623863376366306438656430373665636165663635313333613737
39666165623034666136356163613434386532623334393739333963636566356262306165643064
64623732626131613762396636323661663061633466373362383765393566363439633239646365
65323661613135613361643037313662346137633565313661373931323262346661643962656163
37313566666535613936346339383264376534353762663638666138653466356465333638653537
65383163353032633632393237383134346363393839623530326437653531346237326334353366
33363463363232636666303763666637633635613932666437363838396134393862636532323330
34386266353039616663376565306439653735356136616336653734396132373865306262303434
66306238616439346433366461393634653633623831616261303763393064323562366635666632
36363336323861376666353939643164346334306362313938376562633634343533333432323633
62663937623562653461666165663632613265663132616138363366636163373532666435336132
33373639656665333735306230393661316332363531346666633430656332366539393337316639
32633665376134636237383665313336323131643335356636666635306362646539383433626332
31626132326133313566633235633631386130353463333664663563616538643365633864656465
39303465313737656362393632393064623563663431663835303430363536633232303938373034
63643633656537633336393637653537393361373531366338343138333238666138613032306131
33326633366339343731663639333930623036343434323539646664383238613664366230313531
64323433663165633262316161663632623564396239356436363539343733363566386538353439
65656462313832353236306363363738353032636537663833656363616365613136333863306266
66663563323432616239373630656630333736376565653539346536373362643133306233366366
63343234626135623535393037356333646266383439366165363862306439323835373565613433
35343362333864393432306462653534613432383333626334343738363732326136656239396434
35653965343132383639623530346261613966333764333363333862626133613766333636636362
38633932383966323839626238366661356136383465623131386233613963656330326639333864
31383965613930646639636166366530383263636433353265343562363036316132333630313066
65303162326631623162386365636661666134656663306261653361346235313934666561646366
30633137623034633835323862393131623036333237353132623034343035666235313637653330
36356335306162643232343032613362303033393639303733616465383164613365303638313632
65346164633935356664613132333731666130366335313932623230316436376264353366303062
31313064336166386163656333653532636231363962323263333734313361666638396561336134
31313630333634356364343031653138353133643039353061333634353162303766393665323238
62356131613133626437363531333235396665663833306139326436613833353464353731316630
61323730383237316437376630363634613137343336613237336632396433633834323331303462
36323533326664643534336666623261336136643939666239303532326338393532316231343639
30363635326131326539343535633862646137313964613135623336623832633661363361363630
31373432633062326530353365656237653631346438613730396362313635303735623962613634
61633036636437646162643263356134336338643233303231663630653965393365373632343434
33653661366136393731656434623938323263366535393837336638346466666466386133636461
35363866353530386538366138636365333262316261613633363032636633373266313734353362
31613634616530346239366532353136333332393733393866303931666434356436336234383864
32373666353638656332396264306561623637326339663663386165333933306133306533656632
37346163376638396361623065346236346332326334333361313439656566386431643830376364
38316666333034363864316337323366333831366261316333643336656336653136383466303766
39383432636434393366383763383137653838346137333236303061663735663363336235633662
66326165363730643432303839373832376461306636393565393735323339353566623938373239
63633031373332373335346332303166373566343263316165393236363437616139636230353836
66623139383866306636613762653761376435393538373236396230626563636532373437383566
35643538333566646335663435383836386430333462303039396233343163363536656135633037
66613033623432653064326562383135383064613633363665663239333436306335393135323965
62376630636639303566303362623938653134316365636234643364366131646365393839316235
66396436353662316536353039663865333063663765633036333137326331393864333832353638
64646561353061666439333133646535386464323964613234386365346630613166336164633863
38623134643935373061396130633161663538353335313135363761353630363439333932363635
35393065313266303339376464636536303432656563613665643838306465626265383435303865
64373264343639623164376665353132623665383963373233313931343766376131336231333465
66613363363439366466383564333664636238613366323764646332663835383564363735396565
61376630656238653034626561313134393634386164636163623236323962666633386262386539
37653632313233336163613731626138643561616439313232313236646338656536393639353138
62316135316433393234393263613630333662646665643533303265336338663862643432613134
32303266313331346366646333323739383064613839363863303337343639646331653238663238
61353565396133623434643930623435663165326130623435663537373461646163346132656531
36383133366539393831643037306262666266363162363237376461366565393236623136346537
36666438633464303963613631336665356466343064343837366633633465343236376630363630
63316133633766343361616261633736313766356261346165346639393162363738386439356464
66613937333038626535363139376439393831306438396662323538396333663336636138646334
61623533376565383732643262346138386131316537623331313062356239356261666137346665
37313339343338613430626365323862353733323233663238623134643338393036393434323632
39396265353165376332643761333632316137663339653935636530633334343735633938393762
31636235666361366631633237363132313033363733303534356366326564383132663162316364
30653338336466303031656466636465326638396536666664623636313035303361303034346430
33303331333037396234336161363364333834633935636464306133353030366636323930316566
31363562636330326561356638333962396364656335653632616234376166313230653333336466
63633233356239663230373937353165626633333837663636383734393466653133356535386565
37363730663632356532613734366661383430633739363666393730376633393561376564383639
36663033356631626130366365386363326637313937633031373634633366653239373433613434
33353165306537313465343630633762313632393963396331386563366335633036313338636562
39393466306264386161666131623763346133643861353131313237343538626237343262363635
63343434333461373866373831323666633738623831643262616364356163313539663733383330
37646232646434623534316334346532653336626639313766383135323061643730353733376531
66313330313965623965643236383664353134373065326562313762643963643032356130353766
33366634356366383834623936323630383432383032306332653733303261323030343663653663
62326364656466643231616166323839313066393662343765336338333934393232383137333530
66383330343737396330653964323537383763633165623637363231336435336337333965353037
61646138343465613639353933646537363964393362613135303939623030373932353932663638
30316532363066386433656162386630343337656230343037323262643637383031393762646666
38386531393361376631636162363130366637326433343430386231306562356364396131393630
64623736663237613939323536383565303661336636323862666365333535326464313037346535
65393134343136633362333236623435623065323330346236626661386666343631633833383262
61613065393934366139303436633731306539353266613239366439303066376366386431363636
64306261653635626133636239656537366432353136323832643261316232636161616164666533
63373139633564666662396661333835313166616465353334633233366438393964626135623537
39306536643339646239653465636330383833333231393738626135323637333262386438366638
66643335313639356532376363373239316237626465353138623562316332373738656335383336
61303264333161323466633535636331613432326363363163383366326430386134336364396231
65363463653934333361666266613463323037396131616566626334353531613731646135386530
39343862303064663338626365653364376361626137396666336533336234623030376563386637
35663037663237316263653539356437373538613135333165653064306166386435306239393530
66353437636235653131653235353166363062396165656538373038313033336362393763363666
31343438386266623362396364313335306135633336333232346330353531613631323265623161
38613039633833336633633138313663333534306636663136386332313530383136376338383733
64386534656430333534663839653865643963353063616635623064636536326439393335633431
30373830643066376434653966633962333139646637633662643930613030303934313437326565
63646432616632636462393138303065323962363230366464343431376531343638343961613034
63616132386230313137303064383931623362303765323036616234633465623765376537386461
64313864373963633863373063383562373665316166306565396633313939616639306161373364
63356262336239643838323062306435343266356630623661626537363735623265356362653037
65663437373364613434613464353134303034323130333466626666353462353632316432316337
64373265303832373965326430326163363963333764343136666664373130326535643032333532
64643433326131623236386237376537333337373332663833313435666434643864383238323962
35373936653630623834316462353262666139313536396363633930666634383065386532636266
63636366633431303639313236353131636430316262316130613465366534623335323337303161
66386631326162663638356561383363373364313061646139363666323939303564613239363533
34393363363533646531396635363333353739393335643534373264656232313639666431323065
31323263636238663463613465326532653231383237653734376561303834386662306561373530
36653636333366323933386537623036333764383763646135376436626163336635353632353839
36633963616635663637393933323438646234376265633736306137343365316239616235666662
66313636326261653132643533393466343661306162316363343438616539616131656534663262
39646262326663353863316466623530383930393266373935633931356163373761303261323130
35376665326532643963366534356661326665343061653534313339636538633338326130333163
61633265343630653330633266336339643231396437333934393264353637306332376165383639
31336634653866626461353530393665613261333630353366376434303936653735353532316431
38353038663161623861363863366164633862613434623831353037396536363765333462306332
64333265353762353334663532393932306332383866613739656161303036303330343364323066
32666638636431633035616465626662633563383162366131656532303261336337356466616531
64623665396131393939666566323430386635376637653733643661353734373665333734653038
31333035313663373638333636393630313032366335643937396534643139393037353633373862
32633835653264363662343261646566633730613134633538663231636135316163666535653331
31306436326137623031383437383464343063396139643035663039373861366363666162346237
32323835333230636436613738313234373230653863346165336463316635373036373433326162
36353062306133303531616563306533643333313263363065323465366530313437663730386436
34393730336436383964363839376233613064346463333635653133663361643630373037656365
38653638373338363761363563363333346639356434666434326533386138363464626162313064
37393439323561356265646233666533646137376232396439373036653631663062656263333132
30313964616465396430373830333033303361346664663739616433393136653939616136323335
34353335653165313631393132323366613536613562343538663039613936613066323164333030
39346338363736636131663632643134373631373537653762356437613433633165623532636164
65306539393338663363663461383634623235306565663437643733363235396439653366313162
30643362323362363762303461363533653739326131353538343535636262613136343936336535
64366264643665656338326635323163393062643839333165636131643666393038626632303265
64386432393730633939613161393662613633306462333066316239363636366430663466353335
61636231333934303830613432376361363763313338303737636636343165366534356630663732
36346365303566663438663630336563393931336530313237343132616435663931666265306238
39626438363937386661373332373430326432663062643663643336663863333938666631626262
61313466353633326166373434373636626661386666663933663866313739343038373036353734
34356137653435343731356530616532623763616264663637366561346363616139363036303238
30373565353936656638626164363936666565666665663731303365623961656366633731386431
36326338393438353866636661316366353634643865336639303035663266333733373432313136
36346666376666643336383134623463366664373064323963653439376464663537396134316634
36636435343337616332636665633665326130653039336335346438633036333636393939393533
62376232666339613534303530363530346336396330666263303536626430336566303965313962
64653761626465393837633366616466616534626661336333383637396366343031336434623332
33663330623965616337333731323137343435316663613463343632313162336637646337653031
65383834333561656534386365363262623235616366343232326337356432323162653437343165
31623733626334326362386437343866383737616134336165353032343164663462333363643665
63316238353539623337386534356633343036343537656338333433633130373035663761373665
35636635323332646531353530373166343733616364343739653739633136306234333537393734
66336135353863303137346630356334653530623233663262383036306661353934616162613334
62356666663065366363353563373230623436353131613139313666386536333134383463613739
65623130626161393966306634646166336331306565393364656163663262323139666166393061
65626564363934346334313161356138383964303032636462323765336232653331633338663461
30613264613461663132376533396236316638653431303836616163653637613664316233663031
34343830343531343039303765363634306532303366626439316566383330623936376134366138
30393461353530313038363533333833643861353562316662663535653137343033643337313364
62376563336232336332663939373538343433333238303538613431393031636566333933326135
30306263383165326134343539373961313136303136343462646535353163393134656361393334
65373263396231646162626363633838306264636664633962393936653631646235346533333166
34656234353539383161313439346165643362316663373430633835346639313966386565313736
36373130393837663265383162343139643866626135373864386636376630363738663730626562
61326532353939643537323138616165383962366236346231323033316364653537
